intersect_bp,f_orig_query,f_match,f_unique_to_query,f_unique_weighted,average_abund,median_abund,std_abund,filename,name,md5,f_match_orig,unique_intersect_bp,gather_result_rank,remaining_bp,query_filename,query_name,query_md5,query_bp,ksize,moltype,scaled,query_n_hashes,query_abundance,query_containment_ani,match_containment_ani,average_containment_ani,max_containment_ani,potential_false_negative,n_unique_weighted_found,sum_weighted_found,total_weighted_hashes
7916000,0.005848821701817967,0.8951713219495646,0.005848821701817967,0.010251304042815601,3.43355229914098,3.0,2.2836404505959997,/nfs3_ib/nfs-ip34/home/def-ilafores/analysis/boreal_moss/genome_sketches/index_custom_k31.sbt.zip,Brown_Z.bin.1.fa.sig,fa3beca0c629faeec757444fce4d46ad,0.8951713219495646,7916000,0,58756000,/nfs3_ib/nfs-ip34/home/def-ilafores/analysis/boreal_moss/preproc/S-20-POLPIL-B/S-20-POLPIL-B_unmatched_2.fastq,S-20-POLPIL-B,88c3165a,1353435000,31,DNA,1000,1353435,True,0.8471687899735239,0.9964341097846063,0.9218014498790651,0.9964341097846063,False,27180,27180,2651370
5221000,0.0038575919789276916,0.9920197605928178,0.0038575919789276916,0.013523197441322788,6.867458341313925,6.0,3.427981827340785,/nfs3_ib/nfs-ip34/home/def-ilafores/analysis/boreal_moss/genome_sketches/index_custom_k31.sbt.zip,Brown_X.bin.1.fa.sig,b6bb95ba86ac49bbc7d2284922c9dd1c,0.9920197605928178,5221000,1,53535000,/nfs3_ib/nfs-ip34/home/def-ilafores/analysis/boreal_moss/preproc/S-20-POLPIL-B/S-20-POLPIL-B_unmatched_2.fastq,S-20-POLPIL-B,88c3165a,1353435000,31,DNA,1000,1353435,True,0.8358709561818212,0.9997415736577372,0.9178062649197791,0.9997415736577372,False,35855,63035,2651370
4414000,0.003261331353186522,0.6986934353091141,0.0032399043914188713,0.005580134043909375,3.3740022805017102,3.0,2.2159696256895844,/nfs3_ib/nfs-ip34/home/def-ilafores/analysis/boreal_moss/genome_sketches/index_custom_k31.sbt.zip,Brown_AE.bin.1.fa.sig,7fd91cd2d59105e57f40f449852ef388,0.7033142128744423,4385000,2,49150000,/nfs3_ib/nfs-ip34/home/def-ilafores/analysis/boreal_moss/preproc/S-20-POLPIL-B/S-20-POLPIL-B_unmatched_2.fastq,S-20-POLPIL-B,88c3165a,1353435000,31,DNA,1000,1353435,True,0.8313558039681025,0.98871093015213,0.9100333670601162,0.98871093015213,False,14795,77830,2651370
4054000,0.0029953414829674125,0.9215208384109188,0.0027936324980512546,0.008723414687501178,6.117164771224544,6.0,3.175760149549337,/nfs3_ib/nfs-ip34/home/def-ilafores/analysis/boreal_moss/genome_sketches/index_custom_k31.sbt.zip,Green_X.bin.1.fa.sig,458bc8c4e20308d163375d04ab665fd1,0.988057518888618,3781000,3,45369000,/nfs3_ib/nfs-ip34/home/def-ilafores/analysis/boreal_moss/preproc/S-20-POLPIL-B/S-20-POLPIL-B_unmatched_2.fastq,S-20-POLPIL-B,88c3165a,1353435000,31,DNA,1000,1353435,True,0.829077336016926,0.9996125149165744,0.9143449254667502,0.9996125149165744,False,23129,100959,2651370
3676000,0.002716052119237348,0.6284835014532398,0.002716052119237348,0.0029950553864605844,2.1602285092491837,2.0,1.4052042056741223,/nfs3_ib/nfs-ip34/home/def-ilafores/analysis/boreal_moss/genome_sketches/index_custom_k31.sbt.zip,Brown_Z.bin.2.fa.sig,00ce00a9b6824f3d4635fbeb618f8c05,0.6284835014532398,3676000,4,41693000,/nfs3_ib/nfs-ip34/home/def-ilafores/analysis/boreal_moss/preproc/S-20-POLPIL-B/S-20-POLPIL-B_unmatched_2.fastq,S-20-POLPIL-B,88c3165a,1353435000,31,DNA,1000,1353435,True,0.8264637503339984,0.9851295604907309,0.9057966554123646,0.9851295604907309,False,7941,108900,2651370
3356000,0.0024796166790425843,0.9525972182798751,0.0024796166790425843,0.005726473483519841,4.524135876042908,4.0,2.6293160779101417,/nfs3_ib/nfs-ip34/home/def-ilafores/analysis/boreal_moss/genome_sketches/index_custom_k31.sbt.zip,Brown_X.bin.4.fa.sig,0b6b5f69d58cb71d2980061004210fb9,0.9525972182798751,3356000,5,38337000,/nfs3_ib/nfs-ip34/home/def-ilafores/analysis/boreal_moss/preproc/S-20-POLPIL-B/S-20-POLPIL-B_unmatched_2.fastq,S-20-POLPIL-B,88c3165a,1353435000,31,DNA,1000,1353435,True,0.8240392319885465,0.9984346744422193,0.9112369532153829,0.9984346744422193,False,15183,124083,2651370
3154000,0.0023303668074196398,0.4574329224075417,0.0023303668074196398,0.002525863987297133,2.1233354470513635,2.0,2.4585996570510535,/nfs3_ib/nfs-ip34/home/def-ilafores/analysis/boreal_moss/genome_sketches/index_custom_k31.sbt.zip,"GCF_022829385.1 Methylobacterium sp. J-070 strain=J-070 ASM2282938v1",48fe550b161c1b6a0798cff176c79725,0.4574329224075417,3154000,6,35183000,/nfs3_ib/nfs-ip34/home/def-ilafores/analysis/boreal_moss/preproc/S-20-POLPIL-B/S-20-POLPIL-B_unmatched_2.fastq,S-20-POLPIL-B,88c3165a,1353435000,31,DNA,1000,1353435,True,0.8223907233007446,0.9750857731012685,0.8987382482010066,0.9750857731012685,False,6697,130780,2651370
2541000,0.0018774451672965455,0.8390614672835426,0.0018759674457953283,0.0034680184206655426,3.6215045293422605,3.0,2.4305449148661156,/nfs3_ib/nfs-ip34/home/def-ilafores/analysis/boreal_moss/genome_sketches/index_custom_k31.sbt.zip,Brown_J.bin.9.fa.sig,2327c2a7caf4bfd332f9867a9a7d0116,0.8397224058162591,2539000,7,32644000,/nfs3_ib/nfs-ip34/home/def-ilafores/analysis/boreal_moss/preproc/S-20-POLPIL-B/S-20-POLPIL-B_unmatched_2.fastq,S-20-POLPIL-B,88c3165a,1353435000,31,DNA,1000,1353435,True,0.8166774363985455,0.9943808817636283,0.9055291590810869,0.9943808817636283,False,9195,139975,2651370
2526000,0.001866362256037416,0.7832971126979199,0.00186414567378559,0.0026884214575860783,2.825208085612366,2.0,2.149386879528541,/nfs3_ib/nfs-ip34/home/def-ilafores/analysis/boreal_moss/genome_sketches/index_custom_k31.sbt.zip,Brown_J.bin.4.fa.sig,245a0c5b359af84b7b2bbbc435b9a35f,0.7842285004656939,2523000,8,30121000,/nfs3_ib/nfs-ip34/home/def-ilafores/analysis/boreal_moss/preproc/S-20-POLPIL-B/S-20-POLPIL-B_unmatched_2.fastq,S-20-POLPIL-B,88c3165a,1353435000,31,DNA,1000,1353435,True,0.8165214743216666,0.992190177465463,0.9043558258935648,0.992190177465463,False,7128,147103,2651370
2410000,0.001780654408966814,0.5376295628661559,0.0017629217509522069,0.0019133504565564219,2.1261525565800503,2.0,1.543315369733802,/nfs3_ib/nfs-ip34/home/def-ilafores/analysis/boreal_moss/genome_sketches/index_custom_k31.sbt.zip,Green_T.bin.4.fa.sig,3e9b140ae3e3b0494ae7302299a42fd7,0.5430374042361424,2386000,9,27735000,/nfs3_ib/nfs-ip34/home/def-ilafores/analysis/boreal_moss/preproc/S-20-POLPIL-B/S-20-POLPIL-B_unmatched_2.fastq,S-20-POLPIL-B,88c3165a,1353435000,31,DNA,1000,1353435,True,0.8152841901175129,0.9804966649364505,0.8978904275269817,0.9804966649364505,False,5073,152176,2651370
2380000,0.001758488586448555,0.6271454977554792,0.0017547942826955118,0.00227618174754938,2.5410526315789475,2.0,1.7245896376479097,/nfs3_ib/nfs-ip34/home/def-ilafores/analysis/boreal_moss/genome_sketches/index_custom_k31.sbt.zip,Brown_J.bin.1.fa.sig,d6c632e52c88e1bec0a899f6ce6d5d3e,0.6284658040665434,2375000,10,25360000,/nfs3_ib/nfs-ip34/home/def-ilafores/analysis/boreal_moss/preproc/S-20-POLPIL-B/S-20-POLPIL-B_unmatched_2.fastq,S-20-POLPIL-B,88c3165a,1353435000,31,DNA,1000,1353435,True,0.8149548224213745,0.9851286656353914,0.900041744028383,0.9851286656353914,False,6035,158211,2651370
2344000,0.001731889599426644,0.7058467131172372,0.001721545548918123,0.002574140915828421,2.929184549356223,2.0,1.9508241298702518,/nfs3_ib/nfs-ip34/home/def-ilafores/analysis/boreal_moss/genome_sketches/index_custom_k31.sbt.zip,Green_N.bin.2.fa.sig,8eb8abc274c32c0421bd6a000e586a98,0.7100878521660103,2330000,11,23030000,/nfs3_ib/nfs-ip34/home/def-ilafores/analysis/boreal_moss/preproc/S-20-POLPIL-B/S-20-POLPIL-B_unmatched_2.fastq,S-20-POLPIL-B,88c3165a,1353435000,31,DNA,1000,1353435,True,0.8145542361183531,0.9890166787318948,0.901785457425124,0.9890166787318948,False,6825,165036,2651370
2086000,0.0015412635257696157,0.36381496695838544,0.0015050593489897926,0.002510400283626955,3.267550319096711,3.0,2.233452221290524,/nfs3_ib/nfs-ip34/home/def-ilafores/analysis/boreal_moss/genome_sketches/index_custom_k31.sbt.zip,Green_P.bin.6.fa.sig,84b6ad24d9a54c95d65519e42989f579,0.37256652973745313,2037000,12,20993000,/nfs3_ib/nfs-ip34/home/def-ilafores/analysis/boreal_moss/preproc/S-20-POLPIL-B/S-20-POLPIL-B_unmatched_2.fastq,S-20-POLPIL-B,88c3165a,1353435000,31,DNA,1000,1353435,True,0.8114959405513504,0.9686521922491756,0.8900740664002631,0.9686521922491756,False,6656,171692,2651370
1627000,0.0012021264412402516,0.4452654625068418,0.0012021264412402516,0.0012246498979772721,1.9956976029502151,2.0,1.336677044517594,/nfs3_ib/nfs-ip34/home/def-ilafores/analysis/boreal_moss/genome_sketches/index_custom_k31.sbt.zip,Brown_J.bin.5.fa.sig,7e9ff11c18fe7f8756a08dce79c90635,0.4452654625068418,1627000,13,19366000,/nfs3_ib/nfs-ip34/home/def-ilafores/analysis/boreal_moss/preproc/S-20-POLPIL-B/S-20-POLPIL-B_unmatched_2.fastq,S-20-POLPIL-B,88c3165a,1353435000,31,DNA,1000,1353435,True,0.8050166141366502,0.9742381440135727,0.8896273790751115,0.9742381440135727,False,3247,174939,2651370
1459000,0.0010779978351380007,0.17879901960784314,0.0010779978351380007,0.0008648359150175192,1.5716244002741604,1.0,1.0069209611052867,/nfs3_ib/nfs-ip34/home/def-ilafores/analysis/boreal_moss/genome_sketches/index_custom_k31.sbt.zip,"GCF_001557535.2 Burkholderia sp. PAMC 26561 strain=PAMC 26561 ASM155753v2",fd0c18741012ebc26c58ba341945dc59,0.17879901960784314,1459000,14,17907000,/nfs3_ib/nfs-ip34/home/def-ilafores/analysis/boreal_moss/preproc/S-20-POLPIL-B/S-20-POLPIL-B_unmatched_2.fastq,S-20-POLPIL-B,88c3165a,1353435000,31,DNA,1000,1353435,True,0.8021913901193518,0.9459817243232743,0.874086557221313,0.9459817243232743,False,2293,177232,2651370
1473000,0.0010883418856465217,0.1976690691611716,0.0009523915075345325,0.0007596072973594783,1.5624515128006207,1.0,0.9384563250498277,/nfs3_ib/nfs-ip34/home/def-ilafores/analysis/boreal_moss/genome_sketches/index_custom_k31.sbt.zip,"GCF_022829365.1 Methylobacterium sp. J-077 strain=J-077 ASM2282936v1",9427e56a12226d50b9c8d4cf56b920c1,0.2258856003680417,1289000,15,16618000,/nfs3_ib/nfs-ip34/home/def-ilafores/analysis/boreal_moss/preproc/S-20-POLPIL-B/S-20-POLPIL-B_unmatched_2.fastq,S-20-POLPIL-B,88c3165a,1353435000,31,DNA,1000,1353435,True,0.8024385514727927,0.9531421931110379,0.8777903722919154,0.9531421931110379,False,2014,179246,2651370
1047000,0.0007735872058872424,0.2654777070063694,0.0007698929021341993,0.0006287315614191909,1.5998080614203456,1.0,1.0086573246034949,/nfs3_ib/nfs-ip34/home/def-ilafores/analysis/boreal_moss/genome_sketches/index_custom_k31.sbt.zip,Brown_N.bin.1.fa.sig,26f6633a31f33bf4ded363421b51c4b2,0.2667515923566879,1042000,16,15576000,/nfs3_ib/nfs-ip34/home/def-ilafores/analysis/boreal_moss/preproc/S-20-POLPIL-B/S-20-POLPIL-B_unmatched_2.fastq,S-20-POLPIL-B,88c3165a,1353435000,31,DNA,1000,1353435,True,0.7936505682922648,0.9582687446976598,0.8759596564949623,0.9582687446976598,False,1667,180913,2651370
1006000,0.0007432939151122884,0.3043346468626857,0.000741816193611071,0.0006540015161972867,1.7270916334661355,1.0,1.295572873783865,/nfs3_ib/nfs-ip34/home/def-ilafores/analysis/boreal_moss/genome_sketches/index_custom_k31.sbt.zip,Brown_AD.bin.5.fa.sig,eb059f7ed4fe38fdbf83571e1c37ad5b,0.3049408911791452,1004000,17,14572000,/nfs3_ib/nfs-ip34/home/def-ilafores/analysis/boreal_moss/preproc/S-20-POLPIL-B/S-20-POLPIL-B_unmatched_2.fastq,S-20-POLPIL-B,88c3165a,1353435000,31,DNA,1000,1353435,True,0.7926285221581814,0.9624136979491866,0.8775211100536839,0.9624136979491866,False,1734,182647,2651370
843000,0.0006228596127630806,0.3229166666666667,0.0006184264482594288,0.0005370808299105745,1.7013142174432496,1.0,1.1218097228115467,/nfs3_ib/nfs-ip34/home/def-ilafores/analysis/boreal_moss/genome_sketches/index_custom_k31.sbt.zip,Brown_Q.bin.7.fa.sig,a79e826b8460d8edc68ffb98f4a6134e,0.32523148148148145,837000,18,13735000,/nfs3_ib/nfs-ip34/home/def-ilafores/analysis/boreal_moss/preproc/S-20-POLPIL-B/S-20-POLPIL-B_unmatched_2.fastq,S-20-POLPIL-B,88c3165a,1353435000,31,DNA,1000,1353435,True,0.788121601788065,0.9644157109337558,0.8762686563609103,0.9644157109337558,False,1424,184071,2651370
778000,0.0005748336639735192,0.1592901878914405,0.0005637507527143896,0.00047522601522986227,1.651376146788991,1.0,1.9452755737239966,/nfs3_ib/nfs-ip34/home/def-ilafores/analysis/boreal_moss/genome_sketches/index_custom_k31.sbt.zip,"GCF_005844085.1 Acetobacteraceae bacterium KEBCLARHB70R strain=KEBCLARHB70R ASM584408v1",498150ab681f0d11140df321d485e8fa,0.16242171189979124,763000,19,12972000,/nfs3_ib/nfs-ip34/home/def-ilafores/analysis/boreal_moss/preproc/S-20-POLPIL-B/S-20-POLPIL-B_unmatched_2.fastq,S-20-POLPIL-B,88c3165a,1353435000,31,DNA,1000,1353435,True,0.7860842648341732,0.9430547479282034,0.8645695063811882,0.9430547479282034,False,1260,185331,2651370
724000,0.0005349351834406528,0.13276784067859118,0.0005319797404382184,0.0004250632691778213,1.5652777777777778,1.0,0.9105339889656664,/nfs3_ib/nfs-ip34/home/def-ilafores/analysis/boreal_moss/genome_sketches/index_custom_k31.sbt.zip,Brown_J.bin.3.fa.sig,75143a1be719bc8a6625e92e5d7ab377,0.13350543979347224,720000,20,12252000,/nfs3_ib/nfs-ip34/home/def-ilafores/analysis/boreal_moss/preproc/S-20-POLPIL-B/S-20-POLPIL-B_unmatched_2.fastq,S-20-POLPIL-B,88c3165a,1353435000,31,DNA,1000,1353435,True,0.7842622803986491,0.937109388881189,0.8606858346399191,0.937109388881189,False,1127,186458,2651370
962000,0.0007107840420855084,0.09766425351727906,0.0005282854366851751,0.0004099767290117939,1.5202797202797202,1.0,1.165024051527557,/nfs3_ib/nfs-ip34/home/def-ilafores/analysis/boreal_moss/genome_sketches/index_custom_k31.sbt.zip,Brown_J.bin.8.fa.sig,26abc9af027f1bb8a966d677689a6c89,0.1314028138232482,715000,21,11537000,/nfs3_ib/nfs-ip34/home/def-ilafores/analysis/boreal_moss/preproc/S-20-POLPIL-B/S-20-POLPIL-B_unmatched_2.fastq,S-20-POLPIL-B,88c3165a,1353435000,31,DNA,1000,1353435,True,0.7914858419001962,0.936629629967765,0.8640577359339806,0.936629629967765,False,1087,187545,2651370
665000,0.0004913423991547433,0.1700332395806699,0.0004913423991547433,0.0003782949946631364,1.5082706766917293,1.0,0.8724733757518236,/nfs3_ib/nfs-ip34/home/def-ilafores/analysis/boreal_moss/genome_sketches/index_custom_k31.sbt.zip,Green_T.bin.8.fa.sig,2cd0404222cc250effcf5df9d0ae4701,0.1700332395806699,665000,22,10872000,/nfs3_ib/nfs-ip34/home/def-ilafores/analysis/boreal_moss/preproc/S-20-POLPIL-B/S-20-POLPIL-B_unmatched_2.fastq,S-20-POLPIL-B,88c3165a,1353435000,31,DNA,1000,1353435,True,0.7821147194630163,0.9444489989607286,0.8632818592118725,0.9444489989607286,False,1003,188548,2651370
804000,0.0005940440434893438,0.08575653031049778,0.0003856853118177083,0.00031530868946997215,1.6015325670498084,1.0,1.3779314094852113,/nfs3_ib/nfs-ip34/home/def-ilafores/analysis/boreal_moss/genome_sketches/index_custom_k31.sbt.zip,"GCF_022829585.1 Methylobacterium sp. J-026 strain=J-026 ASM2282958v1",a2812e6a63e8d582bea34bde88b2b2b3,0.13208477082306555,522000,23,10350000,/nfs3_ib/nfs-ip34/home/def-ilafores/analysis/boreal_moss/preproc/S-20-POLPIL-B/S-20-POLPIL-B_unmatched_2.fastq,S-20-POLPIL-B,88c3165a,1353435000,31,DNA,1000,1353435,True,0.7869182794580173,0.9367860420360918,0.8618521607470546,0.9367860420360918,False,836,189384,2651370
451000,0.00033322619852449507,0.10537843757605257,0.0003199267050135396,0.00023799017111908184,1.4572748267898383,1.0,1.2284724402604537,/nfs3_ib/nfs-ip34/home/def-ilafores/analysis/boreal_moss/genome_sketches/index_custom_k31.sbt.zip,Green_M.bin.1.fa.sig,59f2fd9c8aa48868c34656193dd6352f,0.10975906546605013,433000,24,9917000,/nfs3_ib/nfs-ip34/home/def-ilafores/analysis/boreal_moss/preproc/S-20-POLPIL-B/S-20-POLPIL-B_unmatched_2.fastq,S-20-POLPIL-B,88c3165a,1353435000,31,DNA,1000,1353435,True,0.7723787108943828,0.9312074986765906,0.8517931047854868,0.9312074986765906,False,631,190015,2651370
429000,0.00031697126201110507,0.09795355254081398,0.0003147546797592792,0.0002745750310216982,1.7089201877934272,1.0,1.5427447213716703,/nfs3_ib/nfs-ip34/home/def-ilafores/analysis/boreal_moss/genome_sketches/index_custom_k31.sbt.zip,Brown_AB.bin.1.fa.sig,5b6889b8c5e710c21e6aa5957fb9ea90,0.0986433662911014,426000,25,9491000,/nfs3_ib/nfs-ip34/home/def-ilafores/analysis/boreal_moss/preproc/S-20-POLPIL-B/S-20-POLPIL-B_unmatched_2.fastq,S-20-POLPIL-B,88c3165a,1353435000,31,DNA,1000,1353435,True,0.7711336836802913,0.9280055571921002,0.8495696204361958,0.9280055571921002,False,728,190743,2651370
524000,0.0003871630333189256,0.07451880628642063,0.0003117992367568446,0.00023120122804436952,1.45260663507109,1.0,0.9471235233520395,/nfs3_ib/nfs-ip34/home/def-ilafores/analysis/boreal_moss/genome_sketches/index_custom_k31.sbt.zip,"GCF_008039875.1 Methylobacterium sp. WL119 strain=WL119 ASM803987v1",e5bf01c613c616b5ef30b491d1b9f44e,0.09253046088645595,422000,26,9069000,/nfs3_ib/nfs-ip34/home/def-ilafores/analysis/boreal_moss/preproc/S-20-POLPIL-B/S-20-POLPIL-B_unmatched_2.fastq,S-20-POLPIL-B,88c3165a,1353435000,31,DNA,1000,1353435,True,0.7761256932374032,0.9260924550399792,0.8511090741386912,0.9260924550399792,False,613,191356,2651370
386000,0.0002852002497349337,0.06507666098807496,0.0002822448067324992,0.0002994678222956434,2.0785340314136125,2.0,1.4594375835780669,/nfs3_ib/nfs-ip34/home/def-ilafores/analysis/boreal_moss/genome_sketches/index_custom_k31.sbt.zip,"GCF_010729665.1 Mycolicibacterium madagascariense strain=JCM 13574 ASM1072966v1",55d8fcdb32ddbe2b0c924561b5479a7c,0.06575809199318569,382000,27,8687000,/nfs3_ib/nfs-ip34/home/def-ilafores/analysis/boreal_moss/preproc/S-20-POLPIL-B/S-20-POLPIL-B_unmatched_2.fastq,S-20-POLPIL-B,88c3165a,1353435000,31,DNA,1000,1353435,True,0.7685108384632722,0.9159448584654174,0.8422278484643448,0.9159448584654174,False,794,192150,2651370
315000,0.0002327411364417205,0.09571382533032549,0.00021944164293076507,0.00015576852721423264,1.3905723905723906,1.0,0.73097325162502,/nfs3_ib/nfs-ip34/home/def-ilafores/analysis/boreal_moss/genome_sketches/index_custom_k31.sbt.zip,Green_AP.bin.4.fa.sig,2e9ba3e895e51edd6c30674070c88ec7,0.10151466322913309,297000,28,8390000,/nfs3_ib/nfs-ip34/home/def-ilafores/analysis/boreal_moss/preproc/S-20-POLPIL-B/S-20-POLPIL-B_unmatched_2.fastq,S-20-POLPIL-B,88c3165a,1353435000,31,DNA,1000,1353435,True,0.7634882535101517,0.9288648768762809,0.8461765651932163,0.9288648768762809,False,413,192563,2651370
293000,0.0002164861999283305,0.06297624383684447,0.00020761987092102687,0.00017424953891761617,1.6441281138790036,1.0,1.1387900355871885,/nfs3_ib/nfs-ip34/home/def-ilafores/analysis/boreal_moss/genome_sketches/index_custom_k31.sbt.zip,Green_AP.bin.11.fa.sig,ee2b5ae70781488c523ffa6e79dbc6d2,0.0656656207978485,281000,29,8109000,/nfs3_ib/nfs-ip34/home/def-ilafores/analysis/boreal_moss/preproc/S-20-POLPIL-B/S-20-POLPIL-B_unmatched_2.fastq,S-20-POLPIL-B,88c3165a,1353435000,31,DNA,1000,1353435,True,0.7617072188735035,0.9159032807535789,0.8388052498135412,0.9159032807535789,False,462,193025,2651370
294000,0.00021722506067893915,0.030707161268631628,0.00020244784566676643,0.00014860242063536965,1.437956204379562,1.0,0.9425955303566672,/nfs3_ib/nfs-ip34/home/def-ilafores/analysis/boreal_moss/genome_sketches/index_custom_k31.sbt.zip,"GCA_003326195.1 Nostoc punctiforme NIES-2108 ASM332619v1",b934245b074c1504958680c36c38a3f9,0.03294855990137846,274000,30,7835000,/nfs3_ib/nfs-ip34/home/def-ilafores/analysis/boreal_moss/preproc/S-20-POLPIL-B/S-20-POLPIL-B_unmatched_2.fastq,S-20-POLPIL-B,88c3165a,1353435000,31,DNA,1000,1353435,True,0.7617909414449497,0.8957530016964458,0.8287719715706978,0.8957530016964458,False,394,193419,2651370
365000,0.00026968417397215235,0.06797808764940239,0.0002017089849161578,0.00018292429951308192,1.7765567765567765,1.0,1.4185711783933732,/nfs3_ib/nfs-ip34/home/def-ilafores/analysis/boreal_moss/genome_sketches/index_custom_k31.sbt.zip,Brown_Q.bin.2.fa.sig,f3ebf10d602c7cbaa4ee274a6b870ef7,0.09088645418326693,273000,31,7562000,/nfs3_ib/nfs-ip34/home/def-ilafores/analysis/boreal_moss/preproc/S-20-POLPIL-B/S-20-POLPIL-B_unmatched_2.fastq,S-20-POLPIL-B,88c3165a,1353435000,31,DNA,1000,1353435,True,0.7671252983572601,0.9255570617668528,0.8463411800620564,0.9255570617668528,False,485,193904,2651370
779000,0.0005755725247241279,0.0297086818575137,0.00015220531462537912,0.00021837766890324626,2.8106796116504853,2.0,5.468185347483997,/nfs3_ib/nfs-ip34/home/def-ilafores/analysis/boreal_moss/genome_sketches/index_custom_k31.sbt.zip,Brown_AA.bin.3.fa.sig,49810892ce7860502d6bbd63b0d4c4c1,0.11234496683011248,206000,32,7356000,/nfs3_ib/nfs-ip34/home/def-ilafores/analysis/boreal_moss/preproc/S-20-POLPIL-B/S-20-POLPIL-B_unmatched_2.fastq,S-20-POLPIL-B,88c3165a,1353435000,31,DNA,1000,1353435,True,0.786116837840961,0.9319072649864083,0.8590120514136846,0.9319072649864083,False,579,194483,2651370
191000,0.0001411224033662496,0.05591334894613583,0.0001411224033662496,9.693102056672588e-05,1.3455497382198953,1.0,0.6439152056200624,/nfs3_ib/nfs-ip34/home/def-ilafores/analysis/boreal_moss/genome_sketches/index_custom_k31.sbt.zip,Brown_AE.bin.3.fa.sig,aff620c9f5b88bca921521fc90fc641e,0.05591334894613583,191000,33,7165000,/nfs3_ib/nfs-ip34/home/def-ilafores/analysis/boreal_moss/preproc/S-20-POLPIL-B/S-20-POLPIL-B_unmatched_2.fastq,S-20-POLPIL-B,88c3165a,1353435000,31,DNA,1000,1353435,True,0.7512654529332807,0.9111655145385633,0.831215483735922,0.9111655145385633,False,257,194740,2651370
192000,0.00014186126411685823,0.03811659192825112,0.00013816696036381503,0.0001470937666187669,2.085561497326203,2.0,1.5033492306578944,/nfs3_ib/nfs-ip34/home/def-ilafores/analysis/boreal_moss/genome_sketches/index_custom_k31.sbt.zip,Brown_M.bin.5.fa.sig,4af6e1dcd218e0b82e6f5c3e506e8d59,0.03913575214023644,187000,34,6978000,/nfs3_ib/nfs-ip34/home/def-ilafores/analysis/boreal_moss/preproc/S-20-POLPIL-B/S-20-POLPIL-B_unmatched_2.fastq,S-20-POLPIL-B,88c3165a,1353435000,31,DNA,1000,1353435,True,0.7513920141122681,0.9007393815910092,0.8260656978516386,0.9007393815910092,False,390,195130,2651370
182000,0.00013447265661077184,0.058116883116883115,0.00013225607435894595,9.881683808747931e-05,1.4636871508379887,1.0,0.9047175134926779,/nfs3_ib/nfs-ip34/home/def-ilafores/analysis/boreal_moss/genome_sketches/index_custom_k31.sbt.zip,Brown_P.bin.1.fa.sig,c9a5b57020ff9f12a6a636810a0a30dc,0.05909090909090909,179000,35,6799000,/nfs3_ib/nfs-ip34/home/def-ilafores/analysis/boreal_moss/preproc/S-20-POLPIL-B/S-20-POLPIL-B_unmatched_2.fastq,S-20-POLPIL-B,88c3165a,1353435000,31,DNA,1000,1353435,True,0.7500966490455598,0.9127915994687502,0.8314441242571551,0.9127915994687502,False,262,195392,2651370
197000,0.0001455555678699014,0.030319055173629473,0.00012708404910468548,0.00012370962936142447,1.9069767441860466,1.0,1.4912762364540835,/nfs3_ib/nfs-ip34/home/def-ilafores/analysis/boreal_moss/genome_sketches/index_custom_k31.sbt.zip,"GCF_004137085.1 Lichenibacterium ramalinae strain=RmlP001 ASM413708v1",e5caa7fff3b6534a1d79c51129b48eb6,0.034725894588401196,172000,36,6627000,/nfs3_ib/nfs-ip34/home/def-ilafores/analysis/boreal_moss/preproc/S-20-POLPIL-B/S-20-POLPIL-B_unmatched_2.fastq,S-20-POLPIL-B,88c3165a,1353435000,31,DNA,1000,1353435,True,0.7520154033373238,0.8972723906899813,0.8246438970136525,0.8972723906899813,False,328,195720,2651370
182000,0.00013447265661077184,0.05961960497439649,0.00012043430234920776,0.00010145698261653409,1.6503067484662577,1.0,1.1379334532134067,/nfs3_ib/nfs-ip34/home/def-ilafores/analysis/boreal_moss/genome_sketches/index_custom_k31.sbt.zip,Brown_Z.bin.7.fa.sig,1ac73242382333c15b96065106f59e80,0.06656912948061448,163000,37,6464000,/nfs3_ib/nfs-ip34/home/def-ilafores/analysis/boreal_moss/preproc/S-20-POLPIL-B/S-20-POLPIL-B_unmatched_2.fastq,S-20-POLPIL-B,88c3165a,1353435000,31,DNA,1000,1353435,True,0.7500966490455598,0.9163071187071661,0.833201883876363,0.9163071187071661,False,269,195989,2651370
156000,0.0001152622770949473,0.03321976149914821,0.0001152622770949473,9.051924099616425e-05,1.5384615384615385,1.0,1.0704936279563129,/nfs3_ib/nfs-ip34/home/def-ilafores/analysis/boreal_moss/genome_sketches/index_custom_k31.sbt.zip,Brown_J.bin.7.fa.sig,435735e6e4e1647c591f3cb189b44749,0.03321976149914821,156000,38,6308000,/nfs3_ib/nfs-ip34/home/def-ilafores/analysis/boreal_moss/preproc/S-20-POLPIL-B/S-20-POLPIL-B_unmatched_2.fastq,S-20-POLPIL-B,88c3165a,1353435000,31,DNA,1000,1353435,True,0.7463759749005662,0.89598989814729,0.821182936523928,0.89598989814729,False,240,196229,2651370
153000,0.0001130456948431214,0.02376802408493107,0.00011082911259129548,8.071298988824645e-05,1.4266666666666667,1.0,1.2772192015816584,/nfs3_ib/nfs-ip34/home/def-ilafores/analysis/boreal_moss/genome_sketches/index_custom_k31.sbt.zip,"GCA_023231945.1 Comamonadaceae bacterium BS-T2-15 strain=BS-T2-15 ASM2323194v1",be84853b0c595a0b38db8da38d8600ce,0.024243384566629694,150000,39,6158000,/nfs3_ib/nfs-ip34/home/def-ilafores/analysis/boreal_moss/preproc/S-20-POLPIL-B/S-20-POLPIL-B_unmatched_2.fastq,S-20-POLPIL-B,88c3165a,1353435000,31,DNA,1000,1353435,True,0.7459085989484572,0.8869315518971146,0.8164200754227859,0.8869315518971146,False,214,196443,2651370
164000,0.0001211731630998164,0.038328453553367045,0.00010639594808764366,8.22216439048492e-05,1.5138888888888888,1.0,0.8332175845539246,/nfs3_ib/nfs-ip34/home/def-ilafores/analysis/boreal_moss/genome_sketches/index_custom_k31.sbt.zip,Brown_T.bin.5.fa.sig,a9ba98572162b95ec334c422a86584e4,0.04365184988022358,144000,40,6014000,/nfs3_ib/nfs-ip34/home/def-ilafores/analysis/boreal_moss/preproc/S-20-POLPIL-B/S-20-POLPIL-B_unmatched_2.fastq,S-20-POLPIL-B,88c3165a,1353435000,31,DNA,1000,1353435,True,0.7475810297702489,0.903918172997744,0.8257496013839964,0.903918172997744,False,218,196661,2651370
162000,0.00011969544159859912,0.02997502081598668,0.00010639594808764366,0.00012634977389047925,2.326388888888889,2.0,2.341740393593546,/nfs3_ib/nfs-ip34/home/def-ilafores/analysis/boreal_moss/genome_sketches/index_custom_k31.sbt.zip,Brown_Q.bin.4.fa.sig,49ec8fdd605ff033ef1a6d4c23ab9c7c,0.033721898417985015,144000,41,5870000,/nfs3_ib/nfs-ip34/home/def-ilafores/analysis/boreal_moss/preproc/S-20-POLPIL-B/S-20-POLPIL-B_unmatched_2.fastq,S-20-POLPIL-B,88c3165a,1353435000,31,DNA,1000,1353435,True,0.7472851886948702,0.8964236190270073,0.8218544038609388,0.8964236190270073,False,335,196996,2651370
123000,9.08798723248623e-05,0.03347763347763348,8.570784707060184e-05,9.42908760376711e-05,2.1551724137931036,1.0,1.7792067598824528,/nfs3_ib/nfs-ip34/home/def-ilafores/analysis/boreal_moss/genome_sketches/index_custom_k31.sbt.zip,"GCF_003581425.1 Amnibacterium setariae strain=DD4a ASM358142v1",158e97111939ba4cab5696018e177ab5,0.0354978354978355,116000,42,5754000,/nfs3_ib/nfs-ip34/home/def-ilafores/analysis/boreal_moss/preproc/S-20-POLPIL-B/S-20-POLPIL-B_unmatched_2.fastq,S-20-POLPIL-B,88c3165a,1353435000,31,DNA,1000,1353435,True,0.7406755191939066,0.8979089872380253,0.8192922532159659,0.8979089872380253,False,250,197246,2651370
106000,7.831923956451548e-05,0.018307426597582038,7.831923956451548e-05,0.00021573752437419145,5.39622641509434,4.0,4.381951071614016,/nfs3_ib/nfs-ip34/home/def-ilafores/analysis/boreal_moss/genome_sketches/index_custom_k31.sbt.zip,Brown_J.bin.2.fa.sig,63e0528f6d692623df41cd250a12904f,0.018307426597582038,106000,43,5648000,/nfs3_ib/nfs-ip34/home/def-ilafores/analysis/boreal_moss/preproc/S-20-POLPIL-B/S-20-POLPIL-B_unmatched_2.fastq,S-20-POLPIL-B,88c3165a,1353435000,31,DNA,1000,1353435,True,0.7371300972459558,0.8789328964052749,0.8080314968256154,0.8789328964052749,False,572,197818,2651370
168000,0.00012412860610225095,0.017332200509770603,7.536379656208093e-05,6.52492862180684e-05,1.696078431372549,1.0,1.0077077043359008,/nfs3_ib/nfs-ip34/home/def-ilafores/analysis/boreal_moss/genome_sketches/index_custom_k31.sbt.zip,"GCF_004137685.1 Lichenibacterium minor strain=RmlP026 ASM413768v1",1cfdff9a5643f1bc741e8140111fd291,0.02854715378079864,102000,44,5546000,/nfs3_ib/nfs-ip34/home/def-ilafores/analysis/boreal_moss/preproc/S-20-POLPIL-B/S-20-POLPIL-B_unmatched_2.fastq,S-20-POLPIL-B,88c3165a,1353435000,31,DNA,1000,1353435,True,0.7481623806116318,0.8916192691594427,0.8198908248855372,0.8916192691594427,False,173,197991,2651370
430000,0.00031771012276171374,0.01479727730097662,7.388607506086366e-05,6.336346869731498e-05,1.68,1.0,1.2237646832622684,/nfs3_ib/nfs-ip34/home/def-ilafores/analysis/boreal_moss/genome_sketches/index_custom_k31.sbt.zip,"GCF_022829545.1 Methylobacterium sp. J-030 strain=J-030 ASM2282954v1",bbc79ed4eba1c045c1f68b5d5cad2333,0.06362829239419947,100000,45,5446000,/nfs3_ib/nfs-ip34/home/def-ilafores/analysis/boreal_moss/preproc/S-20-POLPIL-B/S-20-POLPIL-B_unmatched_2.fastq,S-20-POLPIL-B,88c3165a,1353435000,31,DNA,1000,1353435,True,0.7711916027152685,0.9149725671267733,0.843082084921021,0.9149725671267733,False,168,198159,2651370
136000,0.00010048506208277457,0.023756288429290107,6.28031638017341e-05,6.26091416890136e-05,1.9529411764705882,1.0,1.3275885467572277,/nfs3_ib/nfs-ip34/home/def-ilafores/analysis/boreal_moss/genome_sketches/index_custom_k31.sbt.zip,Brown_Q.bin.3.fa.sig,401c13f1de604bddcf7fa6832e4f037c,0.03801006148686417,85000,46,5361000,/nfs3_ib/nfs-ip34/home/def-ilafores/analysis/boreal_moss/preproc/S-20-POLPIL-B/S-20-POLPIL-B_unmatched_2.fastq,S-20-POLPIL-B,88c3165a,1353435000,31,DNA,1000,1353435,True,0.7430799315580704,0.8998917628430121,0.8214858472005413,0.8998917628430121,False,166,198325,2651370
104000,7.68415180632982e-05,0.014664804469273743,6.206430305112548e-05,6.374063220146565e-05,2.011904761904762,1.0,3.5506339059084713,/nfs3_ib/nfs-ip34/home/def-ilafores/analysis/boreal_moss/genome_sketches/index_custom_k31.sbt.zip,"GCF_013201075.1 Acetobacteraceae bacterium strain=PAMC 26569 ASM1320107v1",31f9cff1841ad25afc3a1fce4a31a9de,0.018156424581005588,84000,47,5277000,/nfs3_ib/nfs-ip34/home/def-ilafores/analysis/boreal_moss/preproc/S-20-POLPIL-B/S-20-POLPIL-B_unmatched_2.fastq,S-20-POLPIL-B,88c3165a,1353435000,31,DNA,1000,1353435,True,0.7366773009590689,0.8786981014825878,0.8076877012208283,0.8786981014825878,False,169,198494,2651370
151000,0.00011156797334190412,0.009881899252832008,6.05865815499082e-05,6.600361322636976e-05,2.1341463414634148,1.0,6.106298617644938,/nfs3_ib/nfs-ip34/home/def-ilafores/analysis/boreal_moss/genome_sketches/index_custom_k31.sbt.zip,"GCF_020829495.1 Nostoc sp. CHAB 5714 strain=CHAB 5714 ASM2082949v1",bcc1b6b62ebf14cd1a6b56ac21047358,0.01819715594119065,82000,48,5195000,/nfs3_ib/nfs-ip34/home/def-ilafores/analysis/boreal_moss/preproc/S-20-POLPIL-B/S-20-POLPIL-B_unmatched_2.fastq,S-20-POLPIL-B,88c3165a,1353435000,31,DNA,1000,1353435,True,0.7455920619879834,0.8787616207659726,0.8121768413769781,0.8787616207659726,False,175,198669,2651370
93000,6.87140498066032e-05,0.02538389219680351,5.984772079929956e-05,6.600361322636976e-05,2.1604938271604937,2.0,1.4862064569493518,/nfs3_ib/nfs-ip34/home/def-ilafores/analysis/boreal_moss/genome_sketches/index_custom_k31.sbt.zip,"GCF_903642205.1 Caulobacter sp. S45 MAGs_Cladonia_metabat2_11",f14c0ab6373e19dd08993beefe8c807f,0.029144468818552177,81000,49,5114000,/nfs3_ib/nfs-ip34/home/def-ilafores/analysis/boreal_moss/preproc/S-20-POLPIL-B/S-20-POLPIL-B_unmatched_2.fastq,S-20-POLPIL-B,88c3165a,1353435000,31,DNA,1000,1353435,True,0.734025498449999,0.8922150671346385,0.8131202827923187,0.8922150671346385,False,175,198844,2651370
106000,7.831923956451548e-05,0.02634211403801267,5.836999929808229e-05,5.959183365580813e-05,2.0,1.0,1.3871015222078709,/nfs3_ib/nfs-ip34/home/def-ilafores/analysis/boreal_moss/genome_sketches/index_custom_k31.sbt.zip,"GCA_019352055.1 Acidobacteria bacterium ASM1935205v1",f329653a102e2a05da88721b9aafced9,0.035345115038346114,79000,50,5035000,/nfs3_ib/nfs-ip34/home/def-ilafores/analysis/boreal_moss/preproc/S-20-POLPIL-B/S-20-POLPIL-B_unmatched_2.fastq,S-20-POLPIL-B,88c3165a,1353435000,31,DNA,1000,1353435,True,0.7371300972459558,0.8977841133386375,0.8174571052922966,0.8977841133386375,False,158,199002,2651370
93000,6.87140498066032e-05,0.012489862124898622,5.6892277796865017e-05,0.00014105915055235595,4.857142857142857,2.0,11.628127883305245,/nfs3_ib/nfs-ip34/home/def-ilafores/analysis/boreal_moss/genome_sketches/index_custom_k31.sbt.zip,"GCF_004115155.1 Granulicella sibirica strain=AF10 ASM411515v1",5310541b33a45666b0e46adb82678626,0.01508515815085158,77000,51,4958000,/nfs3_ib/nfs-ip34/home/def-ilafores/analysis/boreal_moss/preproc/S-20-POLPIL-B/S-20-POLPIL-B_unmatched_2.fastq,S-20-POLPIL-B,88c3165a,1353435000,31,DNA,1000,1353435,True,0.734025498449999,0.873461051480924,0.8037432749654615,0.873461051480924,False,374,199376,2651370
111000,8.201354331755866e-05,0.019397651863195507,5.615341704625638e-05,4.9408419043739655e-05,1.7236842105263157,1.0,1.419772815504449,/nfs3_ib/nfs-ip34/home/def-ilafores/analysis/boreal_moss/genome_sketches/index_custom_k31.sbt.zip,Green_AP.bin.13.fa.sig,1442ef94eaaed933ed2b0b47552b675c,0.028330781010719754,76000,52,4882000,/nfs3_ib/nfs-ip34/home/def-ilafores/analysis/boreal_moss/preproc/S-20-POLPIL-B/S-20-POLPIL-B_unmatched_2.fastq,S-20-POLPIL-B,88c3165a,1353435000,31,DNA,1000,1353435,True,0.7382268847344754,0.8914004651202186,0.814813674927347,0.8914004651202186,False,131,199507,2651370
80000,5.9108860048690926e-05,0.013656783468104223,5.615341704625638e-05,0.00010673727167464367,3.723684210526316,1.0,17.43076430686072,/nfs3_ib/nfs-ip34/home/def-ilafores/analysis/boreal_moss/genome_sketches/index_custom_k31.sbt.zip,"GCF_007830615.1 Mucilaginibacter frigoritolerans strain=ATCC BAA-1854 ASM783061v1",f9396db06c260a096bb0dbb4442c0b52,0.014375561545372867,76000,53,4806000,/nfs3_ib/nfs-ip34/home/def-ilafores/analysis/boreal_moss/preproc/S-20-POLPIL-B/S-20-POLPIL-B_unmatched_2.fastq,S-20-POLPIL-B,88c3165a,1353435000,31,DNA,1000,1353435,True,0.730468842552923,0.8721045303234033,0.8012866864381631,0.8721045303234033,False,283,199790,2651370
70000,5.172025254260456e-05,0.011347057869995137,5.172025254260456e-05,3.9979331439972545e-05,1.5142857142857142,1.0,1.0384446768792142,/nfs3_ib/nfs-ip34/home/def-ilafores/analysis/boreal_moss/genome_sketches/index_custom_k31.sbt.zip,"GCA_021777685.1 Planctomycetes bacterium ASM2177768v1",5b4fa689add089a2741137ccd2c4dc0e,0.011347057869995137,70000,54,4736000,/nfs3_ib/nfs-ip34/home/def-ilafores/analysis/boreal_moss/preproc/S-20-POLPIL-B/S-20-POLPIL-B_unmatched_2.fastq,S-20-POLPIL-B,88c3165a,1353435000,31,DNA,1000,1353435,True,0.727329141037906,0.8654745448517994,0.7964018429448527,0.8654745448517994,False,106,199896,2651370
300000,0.00022165822518259096,0.006832359639568274,5.098139179199592e-05,9.315938552521904e-05,3.579710144927536,2.0,4.026743198361332,/nfs3_ib/nfs-ip34/home/def-ilafores/analysis/boreal_moss/genome_sketches/index_custom_k31.sbt.zip,"GCA_016903675.1 Stigonema ocellatum SAG 48.90 = DSM 106950 ASM1690367v1",ba44ced52d5322f77d2df2b9e3d1afb5,0.029705911476383802,69000,55,4667000,/nfs3_ib/nfs-ip34/home/def-ilafores/analysis/boreal_moss/preproc/S-20-POLPIL-B/S-20-POLPIL-B_unmatched_2.fastq,S-20-POLPIL-B,88c3165a,1353435000,31,DNA,1000,1353435,True,0.7622875625877906,0.8927644066350799,0.8275259846114353,0.8927644066350799,False,247,200143,2651370
85000,6.28031638017341e-05,0.014477549307595467,5.098139179199592e-05,5.883750664750676e-05,2.260869565217391,1.0,3.1744093318561135,/nfs3_ib/nfs-ip34/home/def-ilafores/analysis/boreal_moss/genome_sketches/index_custom_k31.sbt.zip,"GCF_900105625.1 Terriglobus roseus strain=AB35.6 IMG-taxon 2690315679 annotated assembly",d8a3da85e5a73198886f0d7b16de2887,0.017834662190516156,69000,56,4598000,/nfs3_ib/nfs-ip34/home/def-ilafores/analysis/boreal_moss/preproc/S-20-POLPIL-B/S-20-POLPIL-B_unmatched_2.fastq,S-20-POLPIL-B,88c3165a,1353435000,31,DNA,1000,1353435,True,0.7318987692491629,0.8781914204619593,0.8050450948555611,0.8781914204619593,False,156,200299,2651370
82000,6.05865815499082e-05,0.012084063047285465,5.098139179199592e-05,3.6584859902616385e-05,1.4057971014492754,1.0,0.8395796149542168,/nfs3_ib/nfs-ip34/home/def-ilafores/analysis/boreal_moss/genome_sketches/index_custom_k31.sbt.zip,"GCF_009765775.1 Beijerinckia sp. L45 strain=L45 ASM976577v1",ae5f3bc63133505265197fb93036857f,0.01436077057793345,69000,57,4529000,/nfs3_ib/nfs-ip34/home/def-ilafores/analysis/boreal_moss/preproc/S-20-POLPIL-B/S-20-POLPIL-B_unmatched_2.fastq,S-20-POLPIL-B,88c3165a,1353435000,31,DNA,1000,1353435,True,0.7310509189941642,0.8720755705660661,0.8015632447801151,0.8720755705660661,False,97,200396,2651370
81000,5.984772079929956e-05,0.01507770818835537,4.802594878956138e-05,7.015241177202728e-05,2.8615384615384616,2.0,3.3044348897849996,/nfs3_ib/nfs-ip34/home/def-ilafores/analysis/boreal_moss/genome_sketches/index_custom_k31.sbt.zip,"GCF_013410065.1 Granulicella arctica strain=X4EP2 ASM1341006v1",014d93bdb9b2133524526e72bc63494a,0.018789144050104383,65000,58,4464000,/nfs3_ib/nfs-ip34/home/def-ilafores/analysis/boreal_moss/preproc/S-20-POLPIL-B/S-20-POLPIL-B_unmatched_2.fastq,S-20-POLPIL-B,88c3165a,1353435000,31,DNA,1000,1353435,True,0.7307616193979742,0.8796695935631648,0.8052156064805696,0.8796695935631648,False,186,200582,2651370
70000,5.172025254260456e-05,0.014798641436196022,4.507050578712683e-05,3.733918691091775e-05,1.6229508196721312,1.0,0.9437270796474921,/nfs3_ib/nfs-ip34/home/def-ilafores/analysis/boreal_moss/genome_sketches/index_custom_k31.sbt.zip,Green_Q.bin.1.fa.sig,4a55c188a08e129bcb7db79be3cc946c,0.016982047549733138,61000,59,4403000,/nfs3_ib/nfs-ip34/home/def-ilafores/analysis/boreal_moss/preproc/S-20-POLPIL-B/S-20-POLPIL-B_unmatched_2.fastq,S-20-POLPIL-B,88c3165a,1353435000,31,DNA,1000,1353435,True,0.727329141037906,0.8768047722667848,0.8020669566523454,0.8768047722667848,False,99,200681,2651370
141000,0.00010417936583581775,0.010163652024117141,4.359278428590956e-05,3.507620588601364e-05,1.576271186440678,1.0,1.3429462908162917,/nfs3_ib/nfs-ip34/home/def-ilafores/analysis/boreal_moss/genome_sketches/index_custom_k31.sbt.zip,"GCF_021730615.1 Lichenibacterium sp. 6Y81 strain=6Y81 ASM2173061v1",173b1e87a8bf9cb02e8337a61eed4cff,0.02428940568475452,59000,60,4344000,/nfs3_ib/nfs-ip34/home/def-ilafores/analysis/boreal_moss/preproc/S-20-POLPIL-B/S-20-POLPIL-B_unmatched_2.fastq,S-20-POLPIL-B,88c3165a,1353435000,31,DNA,1000,1353435,True,0.7439458842663657,0.8869858136384687,0.8154658489524171,0.8869858136384687,False,93,200774,2651370
109000,8.053582181634138e-05,0.009914300117627289,4.359278428590956e-05,3.13045708445068e-05,1.4067796610169492,1.0,0.8461006084304195,/nfs3_ib/nfs-ip34/home/def-ilafores/analysis/boreal_moss/genome_sketches/index_custom_k31.sbt.zip,"GCA_013289985.1 Betaproteobacteria bacterium ASM1328998v1",59088e25aed45564f8106db293acfd83,0.018316249369853807,59000,61,4285000,/nfs3_ib/nfs-ip34/home/def-ilafores/analysis/boreal_moss/preproc/S-20-POLPIL-B/S-20-POLPIL-B_unmatched_2.fastq,S-20-POLPIL-B,88c3165a,1353435000,31,DNA,1000,1353435,True,0.73779402211621,0.8789465570293851,0.8083702895727976,0.8789465570293851,False,83,200857,2651370
90000,6.64974675547773e-05,0.01056338028169014,4.211506278469228e-05,4.82769285312876e-05,2.245614035087719,2.0,1.984861140172765,/nfs3_ib/nfs-ip34/home/def-ilafores/analysis/boreal_moss/genome_sketches/index_custom_k31.sbt.zip,"GCF_000178975.2 Granulicella tundricola MP5ACTX9 strain=MP5ACTX9 ASM17897v2",41236b242bd79dbd3400694dddecfe2a,0.016679021497405487,57000,62,4228000,/nfs3_ib/nfs-ip34/home/def-ilafores/analysis/boreal_moss/preproc/S-20-POLPIL-B/S-20-POLPIL-B_unmatched_2.fastq,S-20-POLPIL-B,88c3165a,1353435000,31,DNA,1000,1353435,True,0.7332495035651112,0.8762956654785038,0.8047725845218074,0.8762956654785038,False,128,200985,2651370
63000,4.65482272883441e-05,0.014803066349458101,4.137620203408365e-05,3.356755186941091e-05,1.5892857142857142,1.0,1.2214860053330492,/nfs3_ib/nfs-ip34/home/def-ilafores/analysis/boreal_moss/genome_sketches/index_custom_k31.sbt.zip,Green_AO.bin.5.fa.sig,3e20ae658088e02e4e181ad4d4d1cbee,0.016653449643140365,56000,63,4172000,/nfs3_ib/nfs-ip34/home/def-ilafores/analysis/boreal_moss/preproc/S-20-POLPIL-B/S-20-POLPIL-B_unmatched_2.fastq,S-20-POLPIL-B,88c3165a,1353435000,31,DNA,1000,1353435,True,0.7248613444073081,0.8762522941213806,0.8005568192643444,0.8762522941213806,False,89,201074,2651370
360000,0.0002659898702191092,0.00855784469096672,3.989848053286637e-05,2.941875332375338e-05,1.4444444444444444,1.0,1.0657403385139377,/nfs3_ib/nfs-ip34/home/def-ilafores/analysis/boreal_moss/genome_sketches/index_custom_k31.sbt.zip,"GCF_009806555.1 Methylobacterium sp. 2A strain=2A ASM980655v1",f74fadc72ff79902c03409313d2c9149,0.05705229793977813,54000,64,4118000,/nfs3_ib/nfs-ip34/home/def-ilafores/analysis/boreal_moss/preproc/S-20-POLPIL-B/S-20-POLPIL-B_unmatched_2.fastq,S-20-POLPIL-B,88c3165a,1353435000,31,DNA,1000,1353435,True,0.7667840450452231,0.9117584117857356,0.8392712284154793,0.9117584117857356,False,78,201152,2651370
74000,5.467569554503911e-05,0.013333333333333334,3.768189828104047e-05,4.450529348978075e-05,2.3137254901960786,1.0,2.8730676102855317,/nfs3_ib/nfs-ip34/home/def-ilafores/analysis/boreal_moss/genome_sketches/index_custom_k31.sbt.zip,Brown_Y.bin.6.fa.sig,1a92a681d6cbe3752f3d198acaa3edd6,0.01934640522875817,51000,65,4067000,/nfs3_ib/nfs-ip34/home/def-ilafores/analysis/boreal_moss/preproc/S-20-POLPIL-B/S-20-POLPIL-B_unmatched_2.fastq,S-20-POLPIL-B,88c3165a,1353435000,31,DNA,1000,1353435,True,0.7286341029587211,0.8804993532407697,0.8045667280997454,0.8804993532407697,False,118,201270,2651370
445000,0.00032879303402084324,0.007646176911544228,3.768189828104047e-05,3.733918691091775e-05,1.9411764705882353,1.0,1.8086043227608168,/nfs3_ib/nfs-ip34/home/def-ilafores/analysis/boreal_moss/genome_sketches/index_custom_k31.sbt.zip,"GCF_022829635.1 Methylobacterium sp. E-066 strain=E-066 ASM2282963v1",f3915fcd0d4656ebb52864e6cff27f54,0.06671664167916042,51000,66,4016000,/nfs3_ib/nfs-ip34/home/def-ilafores/analysis/boreal_moss/preproc/S-20-POLPIL-B/S-20-POLPIL-B_unmatched_2.fastq,S-20-POLPIL-B,88c3165a,1353435000,31,DNA,1000,1353435,True,0.7720450890204751,0.9163725475427618,0.8442088182816184,0.9163725475427618,False,99,201369,2651370
76000,5.615341704625638e-05,0.009493070058857035,3.694303753043183e-05,3.9602167935821856e-05,2.1,1.0,1.6155494421403513,/nfs3_ib/nfs-ip34/home/def-ilafores/analysis/boreal_moss/genome_sketches/index_custom_k31.sbt.zip,"GCF_900114625.1 Granulicella pectinivorans strain=DSM 21001 IMG-taxon 2687453730 annotated assembly",aa5b8986f641b2e265f2f3b247e745af,0.014429466489462693,50000,67,3966000,/nfs3_ib/nfs-ip34/home/def-ilafores/analysis/boreal_moss/preproc/S-20-POLPIL-B/S-20-POLPIL-B_unmatched_2.fastq,S-20-POLPIL-B,88c3165a,1353435000,31,DNA,1000,1353435,True,0.7292611918223241,0.8722098292311443,0.8007355105267342,0.8722098292311443,False,105,201474,2651370
